   1.2   1.3       3.232051616      0.8723177912
   2.2   1.3       8.571355574        2.37774368
   3.2   1.3       24.02215568        6.45780926
   4.2   1.3       63.27065993       17.51919792
   5.2   1.3       175.8601008       47.79582011
   1.2   2.3       2.498093621      -2.257480483
   2.2   2.3       6.624958561      -6.154853677
   3.2   2.3        18.5671527      -16.71477237
   4.2   2.3       48.90287046      -45.33624411
   5.2   2.3       135.9235226      -123.6698244
   1.2   3.3     -0.5240082698      -3.240230836
   2.2   3.3      -1.389472237      -8.834093755
   3.2   3.3      -3.893918638      -23.99107034
   4.2   3.3      -10.25558692      -65.07305581
   5.2   3.3       -28.5041215      -177.5103052
   1.2   4.3      -3.075278931      -1.319509788
   2.2   4.3      -8.155165593      -3.597673994
   3.2   4.3      -22.85526365      -9.770151152
   4.2   4.3      -60.19631384      -26.49976736
   5.2   4.3      -167.3112847      -72.28600437
   1.2   5.3      -2.794071944         1.8505226
   2.2   5.3      -7.409304384        5.04500033
   3.2   5.3      -20.76539037       13.70076831
   4.2   5.3      -54.69425638       37.16505161
   5.2   5.3      -152.0133191        101.384745
